Loss: 0.019356226548552513
Accuracy: 0.939393937587738