Loss: 0.049810297787189484
Accuracy: 0.7857142686843872