Loss: 0.1090424582362175
Accuracy: 0.7142857313156128