Loss: 0.17180044949054718
Accuracy: 0.1428571492433548