Loss: 0.0012657276820391417
Accuracy: 0.9923664331436157