Loss: 0.008173532783985138
Accuracy: 0.9663461446762085