Loss: 0.0026001641526818275
Accuracy: 0.9910277128219604