Loss: 0.006851698271930218
Accuracy: 0.979651153087616