Loss: 0.009381105192005634
Accuracy: 0.9663461446762085