Loss: 0.0010215714573860168
Accuracy: 0.9923664331436157