Loss: 0.006730739492923021
Accuracy: 0.9690048694610596