Loss: 0.008969052694737911
Accuracy: 0.973557710647583