Loss: 0.009918687865138054
Accuracy: 0.9711538553237915