Loss: 0.003931241575628519
Accuracy: 0.9821882843971252