Loss: 0.010578801855444908
Accuracy: 0.9616639614105225