Loss: 0.003454403020441532
Accuracy: 0.9949109554290771