Loss: 0.0035232878290116787
Accuracy: 0.9877650737762451