Loss: 0.015812965109944344
Accuracy: 0.9389534592628479